ns =

  1×7 cell array

    [90]    [500]    [0.3664]    [0.0978]    ["fastT"]    ["fasta"]    [5001]


ans =

  1×7 cell array

    [200]    [10]    [0.3019]    [0.0149]    ["fastT"]    ["fasta"]    [5.0037e+03]


ans =

  1×7 cell array

    [150]    [0.8000]    [0.6176]    [0.0531]    ["scattered"]    ["adapt"]    [3600]


ans =

  1×7 cell array

    [400]    [0.6000]    [0.2873]    [0.0171]    ["scattered"]    ["adapt"]    [1200]